     L   Beamwidth             QPS    Mean Latency    99.9 Latency        Mean IOs    Mean IO (us)         CPU (s)       Recall@10
===================================================================================================================================
    10           2        49998.81         1785.72         6489.00           19.16         1559.68          165.41           78.70
    20           2        33793.23         2721.03        18999.00           28.69         2231.78          411.96           86.01
    40           2        21809.35         4339.81        24317.00           47.76         3635.07          584.62           91.55
    80           2        12307.20         7724.78        40635.00           86.55         6509.47         1010.51           95.39
   100           2        10799.37         8801.49        11511.00          106.16         8026.58          527.70           96.28
   120           2         9135.28        10411.12        13346.00          125.85         9508.05          618.70           96.94
   140           2         7619.77        12488.08        29068.00          145.59        11441.40          718.68           97.38
   160           2         6910.96        13749.54        16484.00          165.38        12542.06          836.83           97.75
   180           2         5998.57        15857.79        29257.00          185.19        14021.45         1416.47           98.02
   200           2         5550.55        17134.78        25978.00          205.02        15579.55         1094.15           98.22