     L   Beamwidth             QPS    Mean Latency    99.9 Latency        Mean IOs    Mean IO (us)         CPU (s)       Recall@10
===================================================================================================================================
    10           2        43292.75         2181.25         6384.00           17.00         1962.48          166.24           57.46
    20           2        27795.34         3412.54        14912.00           27.52         3062.63          270.67           70.00
    40           2        16534.32         5766.24        13233.00           47.51         5254.90          386.00           80.30
    80           2         9133.37        10461.84        21157.00           87.03         9579.60          666.39           88.09
   100           2         7448.96        12830.27        25524.00          106.68        11763.24          805.54           90.02
   120           2         6283.00        15213.77        30670.00          126.32        13965.33          943.37           91.42
   140           2         5446.46        17556.21        34076.00          145.93        16122.36         1084.16           92.48
   160           2         4799.23        19930.80        38197.00          165.54        18317.36         1220.38           93.34
   180           2         4315.48        22169.60        42109.00          185.16        20372.22         1359.83           94.03
   200           2         3899.28        24535.21        46322.00          204.74        22548.86         1504.75           94.60